2970
1113
3992
2059
3754
4311
404
727
3272
205
1163
2597
1670
1342
1315
3518
3081
1695
314
3254
2481
75
4163
3215
4661
3507
3575
3273
2893
4070
439
4748
2969
2657
4592
1167
2562
239
4843
932
897
1354
3312
2347
1726
2114
2438
3048
3135
4020
2779
4945
4079
4416
291
2547
4484
1497
228
3187
1117
2431
228
4571
4112
631
4499
3926
4769
4308
852
3360
4977
2075
2279
4772
4183
4555
2875
704
1617
659
2349
533
4265
4217
2003
3896
1076
1050
2563
2770
2393
4918
3827
4546
1982
1806
4067
2308
1959
1364
1949
671
2538
396
302
2748
637
4579
3870
726
711
574
2815
699
3142
4158
1416
987
253
161
4783
4209
1627
4345
1092
1868
2565
1468
757
4038
313
2133
3102
3138
3402
504
1155
1380
2877
2449
1241
244
4696
4246
2478
4362
3962
434
4650
3428
3027
4857
4346
4305
1842
618
3651
1510
3436
3757
4349
2407
2792
4322
3587
2215
2238
2359
3415
2926
297
3279
1478
1550
4707
4777
2452
576
4947
334
3840
1850
2933
18
1374
1639
2337
538
1320
1204
4405
1729
2241
3737
3417
1794
4980
4228
1860
2179
3839
3961
28
2753
1440
4479
1674
746
858
910
1527
3036
426
607
2677
995
4659
2884
2461
3851
2526
3935
618
4852
4176
652
2088
1307
1048
270
471
3645
3362
3798
3444
4665
1573
4205
2329
2494
1058
1436
1902
2868
4531
4435
1543
4501
2259
3932
168
2551
1618
2367
4375
42
3714
1073
3801
1734
4329
2356
4990
4928
4412
4481
671
3201
1087
4666
2571
4565
804
1589
438
3335
4093
1898
2232
2255
1347
1751
2010
4858
3344
326
3007
4080
4386
868
2987
1687
4493
2348
4664
669
541
2802
1999
3918
1385
3712
2019
4284
947
1942
246
2729
2353
3875
4361
549
2596
9
3793
1376
2314
1269
2457
1509
3584
2597
3596
1520
4334
198
767
4659
3520
4223
4498
1503
1498
3166
2109
4757
4972
3839
2054
2359
3118
768
1311
4496
1533
2397
558
256
1361
2967
1328
1148
4300
3235
94
138
3597
1864
858
3236
2285
2975
1526
1865
410
3443
635
4416
387
3705
223
1295
372
4952
4030
374
4065
277
1843
3687
4273
288
1237
4360
4573
4082
732
2504
4711
2691
3129
1026
1899
19
3425
1104
1004
1094
856
1851
1164
4546
3519
539
1076
3533
1638
4402
265
1967
1175
3064
3684
92
4883
318
2372
3198
4308
1821
2599
4758
4061
2961
2295
1182
923
3233
451
1548
3529
3256
1452
2933
3565
4892
2288
157
3578
4931
2298
3510
608
177
2576
906
1786
59
4728
3753
2953
2054
3741
2726
2944
4555
732
3730
73
3328
2036
1532
3193
1581
3180
1678
3743
2871
3363
328
2959
3434
429
2249
3963
4366
1142
583
4517
3180
2470
3981
1021
3328
4775
2872
1671
3253
3681
3096
4832
13
2103
4554
2908
491
35
4295
1114
2748
3519
193
4069
3923
2990
2915
4704
1037
817
2737
1949
256
2702
4059
2221
1072
3122
1706
4018
2400
736
46
4478
4329
3384
865
2614
4845
3762
4515
3505
3268
271
7
3549
3675
4744
3444
14
3831
1943
1484
2181
1614
1845
1643
1894
2773
401
3167
4410
1268
806
808
40
3808
393
4131
2431
3134
2543
2128
2579
2046
1618
4084
4320
1351
2668
520
1149
545
2436
4741
601
2677
4418
4531
3275
2558
400
918
3952
665
3798
2306
1864
195
1148
935
1210
1816
717
4827
4422
4444
3307
307
3385
3130
4485
3174
922
2123
1689
1751
1793
1913
322
4030
2705
2826
3715
3313
2509
2977
1633
1270
1388
378
1449
4721
1726
1153
2984
2828
3277
1251
1598
4397
3492
3091
1276
2846
3499
1759
2305
1887
2665
4584
4664
269
1129
4588
1430
3878
2227
1015
3403
3659
368
444
82
2317
3075
1407
1070
635
2540
4788
4177
274
1655
3619
1489
3529
1070
1145
1268
3138
4121
1063
366
2229
506
3105
3957
1750
4219
278
4172
4160
69
4428
2639
575
2269
1450
134
4588
2011
517
3329
4564
1464
930
2774
2287
4231
2766
1934
4308
2386
1340
4723
3665
2014
3097
1462
3228
655
2556
3924
23
4318
3193
379
4876
3997
908
1958
1965
264
2106
2985
2909
2851
3419
2583
1922
3215
3786
4143
2792
237
1436
4252
2757
4936
4155
3681
1681
3265
458
3240
3578
937
1136
2007
1769
2227
1125
725
4956
2981
2532
2554
1013
3146
3775
456
2300
376
2469
2688
2534
4433
1735
143
544
3749
4024
1806
1562
4091
1563
574
2121
4675
19
2224
4847
3930
3989
1946
4314
950
325
2818
85
2106
1884
198
4317
3064
2474
524
2361
3445
304
738
2028
2833
4727
4548
1376
239
3287
3124
3362
2183
4070
2594
588
4225
3978
4825
1967
180
4488
1875
2971
2041
3891
3482
2661
4027
1061
2844
1063
3254
3527
4047
1834
4588
665
617
4578
2817
3981
3853
4551
2598
1327
4041
3055
2254
413
1812
804
4133
423
4571
88
1367
1362
1670
2061
4537
3576
2435
2180
870
781
2978
2903
3468
2926
3559
3421
2095
2845
1543
2966
319
3803
2133
751
2977
3257
2766
4810
737
4685
1412
4082
1889
2502
1518
3999
1770
901
2941
13
4109
598
523
4457
118
2668
3660
378
21
1030
3293
1809
4232
4581
1372
3287
4063
563
1175
4265
4469
871
352
1239
1730
3896
1431
4749
3033
4977
3859
3523
2829
1757
134
3400
1905
4962
2639
1569
3135
1157
2363
2704
4720
1156
3631
4198
2795
1492
3452
4377
2270
4316
963
3683
3405
3862
615
2652
2168
4265
3910
3475
1111
3115
3392
346
2873
4162
3724
3341
459
1582
4317
949
1555
1630
4770
185
258
1706
3223
3679
2095
1079
4806
3070
3174
4639
2272
3778
123
3152
1248
664
4246
1397
2603
1535
497
227
3728
3802
